ATHB18_colamp	572	514	486	1
ATHB18_col	476	502	461	2
ATHB5_colamp	207	492	185	3
PTF1_colamp	119	493	405	4
ATHB6_colamp	625	337	440	5
TCP24_col	132	655	575	6
TCP3_colamp	110	257	291	7
ATHB21_col	234	656	438	8
ZIM_col	88	109	124	9
AT5G59990_colamp	146	362	168	10
ANAC083_col	545	198	411	11
ATHB40_col	410	311	536	12
ATHB40_colamp	337	661	477	13
ATHB25_colamp	166	291	579	14
HDG1_col100	243	720	46	15
ATHB13_col	383	565	357	16
TCP3_col	151	298	154	17
ANL2_col	242	755	45	18
ATHB5_col	367	420	243	19
ANAC087_col	688	133	654	20
ATHB20_col	458	470	319	21
ATHB21_colamp	441	684	771	22
TCP16_colamp	172	438	381	23
ATHB53_colamp	371	604	454	24
ATHB13_colamp	573	615	375	25
ATHB20_colamp	403	498	379	26
ATHB53_col	262	471	214	27
ANL2_colamp	298	747	73	28
AT5G59990_col	142	150	123	29
GATA14_col	837	730	832	30
ANAC046_col	627	122	742	31
EDT1_col	472	694	56	32
TRP2_col	334	638	616	33
ATHB6_col	445	711	816	34
WRKY47_col	289	138	78	35
AREB3_colamp	11	12	84	36
At1g69690_col	170	315	484	37
HDG7_col	365	781	59	38
ZML1_colamp	113	323	283	39
ANAC020_col	611	505	765	40
ABI5_colamp	12	7	37	41
VND6_colamp	701	431	573	42
VND2_colamp	678	181	747	43
VND2_col	736	391	599	44
ABF2_col	1	1	18	45
SMB_col	772	252	729	46
ANAC079_colamp	556	627	676	47
ANAC083_colamp	564	340	745	48
WRKY31_colamp	235	727	307	49
CUC3_col	608	187	711	50
