Cluster	0hr	0.5hr	2hr	3hr	4hr	24hr	Set
19	12.00	19.82		9.52		11.54	AtC3
5	4.00	3.60		7.14		7.69	AtC3
2	0.00	9.91		11.90		16.35	AtC3
12	8.00	6.31		9.52		12.50	AtC3
1	16.00	18.92		21.43		17.31	AtC3
16	4.00	11.71		9.52		22.12	AtC3
10	12.00	9.01		11.90		13.46	AtC3
48	12.00	1.80		7.14		3.85	AtC3
34	8.00	6.31		2.38		2.88	AtC3
15	4.00	2.70		4.76		2.88	AtC3
6	12.00	6.31		2.38		9.62	AtC3
21	0.00	1.80		0.00		2.88	AtC3
23	8.00	3.60		7.14		3.85	AtC3
14	4.00	1.80		4.76		0.00	AtC3
35	4.00	0.90		4.76		2.88	AtC3
13	0.00	5.41		4.76		4.81	AtC3
3	4.00	4.50		2.38		5.77	AtC3
31	4.00	1.80		2.38		1.92	AtC3
43	4.00	2.70		4.76		1.92	AtC3
4	0.00	3.60		0.00		0.96	AtC3
27	4.00	2.70		4.76		0.96	AtC3
8	4.00	5.41		9.52		0.96	AtC3
44	4.00	1.80		4.76		1.92	AtC3
32	0.00	0.00		0.00		0.00	AtC3
20	0.00	0.90		0.00		0.96	AtC3
30	0.00	2.70		0.00		2.88	AtC3
39	8.00	6.31		4.76		0.96	AtC3
26	0.00	2.70		2.38		0.96	AtC3
7	0.00	1.80		0.00		1.92	AtC3
37	0.00	2.70		0.00		0.00	AtC3
56	4.00	0.00		2.38		0.00	AtC3
60	0.00	1.80		0.00		0.96	AtC3
24	8.00	2.70		4.76		3.85	AtC3
19	8.00	4.50		9.52		9.62	AtC4
5	8.00	5.41		4.76		2.88	AtC4
2	0.00	4.50		4.76		4.81	AtC4
12	4.00	2.70		2.38		2.88	AtC4
1	0.00	3.60		4.76		2.88	AtC4
16	4.00	0.90		4.76		2.88	AtC4
10	8.00	4.50		4.76		2.88	AtC4
48	0.00	0.90		2.38		0.96	AtC4
34	0.00	1.80		0.00		0.96	AtC4
15	0.00	1.80		2.38		1.92	AtC4
6	4.00	0.00		2.38		0.96	AtC4
21	0.00	0.00		0.00		0.96	AtC4
23	4.00	0.90		0.00		1.92	AtC4
14	0.00	1.80		2.38		0.00	AtC4
35	0.00	0.90		0.00		0.96	AtC4
13	0.00	3.60		0.00		0.96	AtC4
3	0.00	2.70		0.00		1.92	AtC4
31	0.00	0.00		0.00		0.96	AtC4
43	0.00	0.00		0.00		0.00	AtC4
4	0.00	0.00		0.00		0.96	AtC4
27	0.00	0.00		0.00		0.00	AtC4
8	0.00	0.00		0.00		1.92	AtC4
44	4.00	0.00		2.38		0.96	AtC4
32	0.00	0.00		0.00		0.00	AtC4
20	0.00	0.90		0.00		0.00	AtC4
30	0.00	0.00		0.00		0.96	AtC4
39	0.00	1.80		0.00		0.00	AtC4
26	0.00	0.00		0.00		0.00	AtC4
7	0.00	0.00		0.00		0.00	AtC4
37	0.00	0.00		0.00		0.00	AtC4
56	4.00	0.00		2.38		0.00	AtC4
60	0.00	0.00		2.38		0.00	AtC4
24	0.00	0.90		0.00		0.96	AtC4
19	16.42	15.38	58.82		3.23	16.67	GgC3
5	17.91	7.69	17.65		32.26	39.39	GgC3
2	8.21	15.38	5.88		9.68	16.67	GgC3
12	5.97	0.00	11.76		0.00	9.09	GgC3
1	2.99	0.00	0.00		3.23	3.03	GgC3
16	0.00	0.00	5.88		3.23	10.61	GgC3
10	1.49	7.69	0.00		3.23	3.03	GgC3
48	4.48	23.08	11.76		6.45	4.55	GgC3
34	6.72	0.00	5.88		6.45	12.12	GgC3
15	8.96	0.00	5.88		6.45	10.61	GgC3
6	1.49	0.00	11.76		3.23	3.03	GgC3
21	2.99	15.38	11.76		3.23	1.52	GgC3
23	2.24	7.69	0.00		0.00	1.52	GgC3
14	1.49	0.00	0.00		16.13	3.03	GgC3
35	2.24	7.69	5.88		0.00	3.03	GgC3
13	3.73	0.00	5.88		0.00	0.00	GgC3
3	0.00	0.00	0.00		6.45	3.03	GgC3
31	3.73	7.69	0.00		0.00	6.06	GgC3
43	2.99	7.69	5.88		0.00	3.03	GgC3
4	0.75	7.69	5.88		0.00	4.55	GgC3
27	0.75	0.00	5.88		0.00	3.03	GgC3
8	3.73	0.00	0.00		6.45	0.00	GgC3
44	0.75	0.00	0.00		0.00	1.52	GgC3
32	0.00	0.00	5.88		9.68	0.00	GgC3
20	2.99	0.00	0.00		16.13	0.00	GgC3
30	0.75	7.69	5.88		3.23	1.52	GgC3
39	0.00	0.00	0.00		0.00	1.52	GgC3
26	0.75	0.00	5.88		0.00	1.52	GgC3
7	1.49	7.69	0.00		3.23	6.06	GgC3
37	0.75	0.00	0.00		6.45	4.55	GgC3
56	0.00	0.00	0.00		0.00	1.52	GgC3
60	0.00	0.00	0.00		0.00	1.52	GgC3
24	0.00	0.00	0.00		0.00	0.00	GgC3
19	4.48	0.00	29.41		9.68	10.61	GgC4
5	8.96	0.00	11.76		9.68	9.09	GgC4
2	3.73	0.00	17.65		9.68	12.12	GgC4
12	2.24	23.08	11.76		6.45	0.00	GgC4
1	1.49	0.00	0.00		3.23	1.52	GgC4
16	0.75	7.69	0.00		3.23	0.00	GgC4
10	1.49	0.00	5.88		0.00	0.00	GgC4
48	0.75	0.00	0.00		0.00	0.00	GgC4
34	1.49	0.00	5.88		6.45	4.55	GgC4
15	1.49	0.00	11.76		3.23	1.52	GgC4
6	0.00	0.00	5.88		0.00	1.52	GgC4
21	1.49	15.38	5.88		0.00	0.00	GgC4
23	0.75	7.69	0.00		0.00	1.52	GgC4
14	2.24	0.00	5.88		0.00	1.52	GgC4
35	0.00	0.00	11.76		0.00	0.00	GgC4
13	0.00	7.69	5.88		0.00	1.52	GgC4
3	2.99	0.00	0.00		3.23	0.00	GgC4
31	0.00	0.00	0.00		3.23	3.03	GgC4
43	1.49	0.00	0.00		0.00	0.00	GgC4
4	2.24	0.00	5.88		0.00	1.52	GgC4
27	0.75	0.00	5.88		0.00	4.55	GgC4
8	0.00	0.00	0.00		0.00	0.00	GgC4
44	1.49	0.00	0.00		3.23	1.52	GgC4
32	0.75	0.00	11.76		0.00	0.00	GgC4
20	0.75	0.00	0.00		0.00	3.03	GgC4
30	0.00	0.00	0.00		0.00	0.00	GgC4
39	1.49	0.00	0.00		0.00	0.00	GgC4
26	0.00	0.00	5.88		3.23	1.52	GgC4
7	0.75	0.00	0.00		0.00	1.52	GgC4
37	1.49	0.00	5.88		0.00	1.52	GgC4
56	0.00	7.69	0.00		0.00	0.00	GgC4
60	0.00	7.69	5.88		0.00	1.52	GgC4
24	0.00	0.00	0.00		0.00	0.00	GgC4
